0.15035
0.11808
0.1515
0.12555
0.13706
0.14162
0.1306
0.1362
0.13054
0.153225
0.12718
0.12622
0.13394
0.126775
0.12728
0.12746
0.1287
0.10396
0.13514
0.126775
0.13216
0.12106
0.1204
0.121675
0.1335
0.1199
0.1151
0.12466
0.1138
0.11938
0.12005
0.1116
0.11384
0.13174
0.1295
0.11162
0.11648
0.118875
0.11224
0.1171
0.10822
0.11055
0.11352
0.1176
0.1097
0.1093
0.11242
0.10216
0.1057
0.10775
0.1133
0.11228
0.1189
0.1155
0.1119
0.10662
0.11016
0.101625
0.11174
0.10606
0.1087
0.10866
0.107325
0.10746
0.11184
0.10844
0.100725
0.1098
0.1071
0.1082
0.107375
0.10644
0.10516
0.10368
0.1043
0.102675
0.10348
0.107
0.10188
0.10322
0.10365
0.10346
0.10266
0.1042
0.10216
0.10345
0.1024
0.09984
0.10096
0.10046
0.1028
0.10004
0.10352
0.10134
0.09866
0.10068
0.10215
0.10142
0.10114
0.10112
0.09946
0.10228
0.101525
0.1018
0.10118
0.10212
0.10446
0.10292
0.103225
0.10502
0.1046
0.10672
0.10852
0.10858
0.1097
0.1078
0.11118
0.11472
0.11598
0.11874
0.12154
0.122125
0.12322
0.12442
0.12938
0.13142
0.13268
0.13486
0.13896
0.13965
0.14212
0.14256
0.14506
0.14652
0.14642
0.148
0.1507
0.148825
0.15136
0.15092
0.15148
0.15138
0.15276
0.15308
0.15322
0.15274
0.15488
0.1549
0.15502
0.15522
0.15646
0.15614
0.15688
0.15612
0.15552
0.15586
0.15668
0.15648
0.15422
0.155275
0.15338
0.15298
0.14996
0.15006
0.14684
0.14576
0.14496
0.1424
0.14002
0.1387
0.13798
0.138
0.13606
0.1335
0.1324
0.131625
0.13282
0.13006
0.13038
0.12804
0.12892
0.1289
0.12558
0.12604
0.12708
0.12626
0.12674
0.1253
0.1235
0.12354
0.12458
0.12252
0.12314
0.12318
0.122
0.12316
0.12358
0.12314
0.1229
0.12218
0.12312
0.12158
0.1235
0.12292
0.12346
0.12386
0.12256
0.12214
0.12366
0.12262
0.12124
0.12176
0.1218
0.12168
0.12008
0.11984
0.12016
0.12036
0.11982
0.11932
0.12042
0.1177
0.11912
0.11774
0.11914
0.118716666666667
0.11676
0.11828
0.11794
0.11832
0.1164
0.11634
0.1158
0.11732
0.11658
0.11544
0.11584
0.11516
0.11482
0.11536
0.1139
0.112783333333333
0.11214
0.1127
0.11198
0.11056
0.10896
0.10834
0.10694
0.10866
0.10792
0.10808
0.107733333333333
0.10674
0.10554
0.10572
0.10644
0.10558
0.10464
0.10454
0.10376
0.104816666666667
0.10366
0.10254
0.10272
0.10316
0.10184
0.101
0.10264
0.102566666666667
0.1018
0.10228
0.1034
0.10196
0.10124
0.1015
0.100716666666667
0.10116
0.10182
0.1026
0.10196
0.10308
0.10244
0.1026
0.10274
0.10472
0.10562
0.10534
0.105083333333333
0.10452
0.1064
0.10594
0.10838
0.10932
0.110683333333333
0.1155
0.11852
0.1234
0.1293
0.13535
0.14356
0.15048
0.15882
0.16662
0.1743
0.18438
0.19238
0.20234
0.20938
0.220333333333333
0.23146
0.23856
0.24796
0.2581
0.27028
0.27848
0.2893
0.297966666666667
0.3094
0.31948
0.32988
0.338883333333333
0.34988
0.36116
0.37618
0.3857
0.39782
0.40742
0.41658
0.427416666666667
0.43876
0.45048
0.45964
0.46865
0.4782
0.48716
0.49545
0.50336
0.5094
0.51562
0.522633333333333
0.53096
0.5349
0.541583333333333
0.54568
0.55032
0.55448
0.563083333333333
0.56464
0.56506
0.571866666666667
0.57322
0.5717
0.578183333333333
0.58144
0.58144
0.58175
0.58364
0.5847
0.58505
0.58512
0.58902
0.590566666666667
0.5872
0.58746
0.588616666666667
0.59068
0.589283333333333
0.59116
0.58794
0.588933333333333
0.59034
0.58642
0.5897
0.58816
0.5888
0.58795
0.58764
0.588516666666667
0.58522
0.58866
0.5954
0.5892
0.586616666666667
0.5934
0.58978
0.5922
0.59098
0.593433333333333
0.58522
0.58882
0.588416666666667
0.58534
0.588283333333333
0.59084
0.589866666666667
0.58798
0.58552
0.590666666666667
0.59002
0.588483333333333
0.59074
0.588483333333333
0.58946
0.588916666666667
0.59114
0.591233333333333
0.5844
0.59122
0.58575
0.58796
0.58845
0.5889
0.583783333333333
0.58714
0.591933333333333
0.58422
0.58685
0.58452
0.58735
0.58368
0.587133333333333
0.59146
0.586966666666667
0.58998
0.583466666666667
0.58724
0.5915
0.58866
0.584116666666667
0.59332
0.580783333333333
0.58416
0.58815
0.586083333333333
0.59162
0.586333333333333
0.58346
0.587
0.58716
0.586466666666667
0.58434
0.586116666666667
0.58402
0.584883333333333
0.5865
0.5836
0.58515
0.57986
0.58655
0.584933333333333
0.58802
0.59035
0.59074
0.588316666666667
0.5831
0.5878
0.5895
0.5867
0.58985
0.589066666666667
0.57708
0.58925
0.59196
0.5905
0.588033333333333
0.58444
0.585833333333333
0.585416666666667
0.58702
0.5909
0.583383333333333
0.5831
0.582033333333333
0.58914
0.589233333333333
0.583666666666667
0.59562
0.581666666666667
0.589216666666667
0.58648
0.584483333333333
0.5911
0.588
0.58826
0.586083333333333
0.590933333333333
0.58578
0.590533333333333
0.579216666666667
0.58828
0.588366666666667
0.583
0.587233333333333
0.58644
0.5861
0.579883333333333
0.5881
0.595016666666667
0.58765
0.585183333333333
0.59324
0.585766666666667
0.582933333333333
0.583316666666667
0.59286
0.581116666666667
0.594
0.589983333333333
0.58475
0.59326
0.587566666666667
0.588366666666667
0.593516666666667
0.59282
0.58315
0.581933333333333
0.588916666666667
0.589933333333333
0.59026
0.584216666666667
0.581133333333333
0.5835
0.592066666666667
0.594783333333333
0.59374
0.598116666666667
0.583933333333333
0.571633333333333
0.580666666666667
0.576716666666667
0.57524
0.571383333333333
0.5794
0.580583333333333
0.583483333333333
0.578233333333333
0.570766666666667
0.58456
0.586
0.579383333333333
0.583516666666667
0.57715
0.595233333333333
0.591516666666667
0.5934
0.579633333333333
0.59616
0.583716666666667
0.592283333333333
0.564783333333333
0.597616666666667
0.55685
0.57145
0.563066666666667
0.585816666666667
0.58
0.553783333333333
0.578233333333333
0.569533333333333
0.5655
0.578066666666667
0.578
0.57648
0.5586
0.567583333333333
0.591833333333333
0.55895
0.56395
0.556716666666667
0.560766666666667
0.5367
0.550566666666667
0.572316666666667
0.5442
0.560666666666667
0.5853
0.546933333333333
0.5246
0.576433333333333
0.577228571428571
0.578916666666667
0.561
0.542716666666667
0.574383333333333
0.564466666666667
0.545616666666667
0.580533333333333
0.58295
0.539483333333333
0.60845
0.51405
0.582516666666667
0.58105
0.560183333333333
0.594357142857143
0.530783333333333
0.576766666666667
0.588966666666667
0.4772
0.567166666666667
