0.043137
0.043137
0.043137
0.043138
0.043139
0.043143
0.043055
0.042968
0.042894
0.042808
0.04272
0.042658
0.042597
0.042524
0.042464
0.042405
0.042346
0.0423
0.04224
0.042194
0.042132
0.042095
0.042057
0.042006
0.041971
0.041935
0.041898
0.041858
0.041833
0.041796
0.041755
0.041727
0.041686
0.041659
0.04162
0.041595
0.041569
0.041545
0.04152
0.041497
0.041475
0.041445
0.041417
0.041402
0.041377
0.041356
0.041349
0.041343
0.041332
0.04134
0.041355
0.041377
0.041407
0.041442
0.041479
0.041519
0.041562
0.041623
0.041669
0.041727
0.04177
0.041813
0.041862
0.041895
0.041945
0.041986
0.042035
0.042082
0.042112
0.042154
0.042192
0.042221
0.042235
0.042259
0.042268
0.042286
0.042304
0.042333
0.042348
0.042377
0.042412
0.042464
0.042518
0.042594
0.042679
0.042798
0.04294
0.043096
0.043299
0.043527
0.043796
0.044102
0.044435
0.04483
0.045254
0.045747
0.046286
0.046892
0.047584
0.048335
0.049175
0.050104
0.051123
0.052261
0.053493
0.05484
0.056316
0.057921
0.05966
0.061537
0.063564
0.065753
0.068094
0.070608
0.073275
0.076098
0.079049
0.08214
0.085328
0.088624
0.091982
0.095399
0.098856
0.10233
0.105749
0.109112
0.112392
0.115568
0.118615
0.121538
0.124331
0.12698
0.129477
0.131804
0.133995
0.136039
0.137942
0.139702
0.141372
0.142911
0.144363
0.145747
0.147039
0.148303
0.149515
0.150724
0.151896
0.153044
0.154118
0.155137
0.156049
0.156837
0.157496
0.157958
0.158246
0.158304
0.15813
0.157739
0.157108
0.156253
0.15519
0.153952
0.152582
0.151081
0.149434
0.147643
0.14574
0.143708
0.141591
0.139368
0.137112
0.134832
0.132572
0.130372
0.128246
0.126201
0.12427
0.122437
0.120727
0.119102
0.117568
0.116102
0.114711
0.113415
0.112172
0.110994
0.109919
0.108888
0.10794
0.107043
0.106248
0.105505
0.104825
0.104206
0.103642
0.103132
0.102644
0.102155
0.101693
0.101209
0.100685
0.100107
0.099479
0.098809
0.098042
0.097199
0.096292
0.095284
0.094226
0.093098
0.091959
0.090817
0.089636
0.088439
0.087244
0.086105
0.085005
0.083943
0.08294
0.082048
0.081259
0.080537
0.079916
0.079378
0.078913
0.078528
0.078204
0.077967
0.077752
0.077568
0.077349
0.077113
0.076794
0.076374
0.075827
0.075149
0.074332
0.073336
0.07223
0.070985
0.069664
0.068265
0.066825
0.065373
0.063927
0.062502
0.06115
0.059907
0.058745
0.057751
0.056846
0.05608
0.055362
0.054692
0.053998
0.053262
0.052461
0.05156
0.050586
0.049523
0.048416
0.047248
0.046113
0.044994
0.043957
0.04299
0.0421
0.041371
0.040718
0.0402
0.039737
0.039394
0.039098
0.038885
0.038697
0.038589
0.038496
0.038493
0.038539
0.03872
0.038984
0.039537
0.040262
0.041384
0.04283
0.044864
0.047385
0.050584
0.054487
0.059245
0.06484
0.071304
0.078673
0.086946
0.096031
0.105696
0.116008
0.126735
0.137867
0.149081
0.160402
0.171624
0.182681
0.193454
0.203936
0.214051
0.223837
0.233273
0.242391
0.251248
0.259847
0.268149
0.276243
0.284101
0.29179
0.299226
0.306481
0.313537
0.320351
0.326988
0.333391
0.33957
0.345539
0.351286
0.356799
0.362077
0.367131
0.371929
0.376531
0.380881
0.38499
0.388856
0.392531
0.396025
0.399253
0.402245
0.405057
0.407658
0.410108
0.412365
0.414429
0.416307
0.418076
0.419654
0.42113
0.422433
0.423642
0.424716
0.425642
0.426504
0.427247
0.427963
0.428705
0.429416
0.43015
0.430849
0.431568
0.432277
0.432945
0.433629
0.434298
0.434951
0.435585
0.4362
0.436792
0.43736
0.437904
0.43842
0.438938
0.439394
0.439817
0.440236
0.440588
0.440933
0.441208
0.441473
0.441693
0.441868
0.441965
0.442046
0.442076
0.44208
0.442083
0.442085
0.442088
0.442094
0.442103
0.442143
0.442146
0.44218
0.442189
0.442194
0.442204
0.442241
0.442245
0.44225
0.442255
0.44229
0.442294
0.442331
0.442341
0.442341
0.442373
0.442378
0.442413
0.442414
0.442413
0.442415
0.442421
0.442417
0.442418
0.442418
0.442415
0.442412
0.442408
0.442405
0.442401
0.442394
0.442386
0.442384
0.44238
0.442364
0.442348
0.44234
0.442329
0.442301
0.442261
0.442245
0.442253
0.4422
0.442172
0.442149
0.442106
0.442066
0.442051
0.44204
0.442017
0.442006
0.441999
0.441984
0.441974
0.441968
0.44196
0.441949
0.441945
0.44194
0.441929
0.441926
0.441889
0.441875
0.441876
0.441869
0.441861
0.441856
0.441854
0.441847
0.441833
0.44183
0.441797
0.441782
0.441777
0.441773
0.441763
0.441726
0.44172
0.441705
0.441691
0.441682
0.441679
0.441676
0.441666
0.441644
0.441635
0.441597
0.441579
0.441567
0.441555
0.441507
0.441497
0.441453
0.441427
0.441415
0.441404
0.441352
0.441335
0.441325
0.441317
0.441302
0.441246
0.441235
0.441223
0.441198
0.441152
0.441145
0.441107
0.441091
0.441067
0.441056
0.441014
0.44099
0.440977
0.440963
0.440905
0.440885
0.440845
0.440838
0.440819
0.440784
0.440729
0.440716
0.440704
0.440676
0.4406
0.440566
0.440515
0.440497
0.440453
0.440375
0.440289
0.440257
0.440226
0.440153
0.439998
0.439914
0.43982
0.43974
0.43966
0.439566
0.439441
0.439195
0.439056
0.438933
0.438811
0.438655
0.43856
0.438384
0.43814
0.437903
0.437763
0.437617
0.43739
0.437007
0.436748
0.436601
0.436358
0.436095
0.435836
0.435591
0.435397
0.434951
0.434234
0.433774
0.43343
0.433005
0.432499
0.432078
0.431705
0.43132
0.431022
0.430764
0.430477
0.430056
0.42987
0.429784
0.429708
0.429581
0.42947
0.429412
0.429342
0.429309
0.429241
0.429176
0.429143
0.429073
0.42902
0.428975
0.428953
0.428961
0.428949
0.42899
0.429012
0.429026
0.429042
0.429098
0.429135
0.429177
0.429231
0.429323
0.429388
0.429475
0.429542
0.42964
0.429733
0.429828
0.429887
0.429975
0.430076
0.430174
0.430294
0.430385
0.43048
0.430592
0.4307
0.430823
0.430914
0.431017
0.431131
0.431253
0.431409
0.431531
0.431655
0.43178
0.431901
0.432008
0.432112
0.432221
0.432325
0.432423
0.432565
0.4327
0.432838
0.432963
0.43308
0.433199
0.433319
0.433423
0.433525
0.433637
0.433793
0.433923
0.43403
0.434088
0.434125
0.434177
0.434271
0.434378
0.434469
0.434548
0.434634
0.434718
0.434789
0.434854
0.434927
0.43499
0.43503
0.435059
0.4351
0.435169
0.435203
0.435245
0.435274
0.435308
0.435344
0.435384
0.435415
0.435428
0.435431
0.435426
0.435426
0.435433
0.435454
0.43547
0.435465
0.435415
0.435394
0.435375
0.435362
0.435352
0.435304
0.435278
0.435249
0.43522
0.435194
0.435165
0.435125
0.435078
0.435015
0.43496
0.434889
0.434855
0.434813
0.434748
0.434666
0.434543
0.434457
0.434386
0.434321
0.434253
0.43414
0.434046
0.433942
0.43384
0.433762
0.433657
0.433576
0.433474
0.433344
0.433191
0.433019
0.432926
0.432853
0.432761
0.432632
0.43247
0.432372
0.432288
0.432185
0.43204
0.431866
0.431757
0.431666
0.431552
0.4314
0.431237
0.431182
0.43116
0.4311
0.430956
0.430757
0.43062
0.430494
0.430335
0.430119
0.429912
0.429763
0.429614
0.429379
0.429012
0.428592
0.428289
0.427987
0.427565
0.426936
0.426234
0.425592
0.425009
0.424455
0.423877
0.423146
0.422202
0.420992
0.419817
0.418952
0.418173
0.417234
0.415932
0.414628
0.413684
0.41301
0.412413
0.411732
0.410972
0.41017
0.409364
0.408707
0.408237
0.40793
0.407693
0.407433
0.407173
0.406913
0.406631
0.406395
0.406245
0.406171
0.406119
0.406021
0.405923
0.405848
0.405797
0.405745
0.405578
0.40532
0.405086
0.405011
0.405028
0.405068
0.405016
0.404918
0.404821
0.404724
0.404649
0.404552
0.404403
0.404283
0.404163
0.404088
0.404014
0.403939
0.403842
0.403768
0.403671
0.403596
0.403499
0.403425
0.403328
0.403254
0.403202
0.403173
0.403235
0.403364
0.403471
0.403406
0.403286
0.403198
0.403201
0.40328
0.403351
0.40334
0.403284
0.40325
0.403293
0.403337
0.403371
0.403301
0.403217
0.403215
0.40329
0.403381
0.403479
0.40344
0.403356
0.403295
0.403266
0.403282
0.403298
0.403223
0.403148
0.403074
0.403044
0.403046
0.403062
0.403042
0.402992
0.402994
0.402996
0.402998
0.402955
0.402866
0.402755
0.40269
0.402633
0.402612
0.402637
0.402603
0.402605
0.402548
0.402527
0.402471
0.402427
0.402393
0.402395
0.402361
0.40231
0.402231
0.40212
0.401996
0.401885
0.401797
0.401717
0.401696
0.401698
0.401677
0.401589
0.401501
0.40139
0.401302
0.401214
0.401096
0.401021
0.400888
0.400724
0.400537
0.400306
0.400075
0.399867
0.399704
0.399562
0.399435
0.399263
0.399046
0.398785
0.398525
0.398191
0.397922
0.397663
0.397461
0.397281
0.397093
0.39687
0.396638
0.396362
0.396087
0.395803
0.395485
0.395158
0.394788
0.39441
0.394063
0.393752
0.393571
0.393065
0.392815
0.392492
0.392079
0.391714
0.391118
0.390695
0.390191
0.389719
0.389294
0.388853
0.388307
0.387618
0.387004
0.386332
0.385733
0.385115
0.384383
0.38367
0.382702
0.38194
0.381099
0.38033
0.379658
0.379179
0.378388
0.377246
0.37609
0.375015
0.374311
0.373645
0.372879
0.37193
0.370614
0.369282
0.368098
0.366958
0.365974
0.365188
0.364531
0.363701
0.362679
0.361744
0.360507
0.359029
0.357492
0.35613
0.35494
0.354096
0.352936
0.352025
0.350858
0.34985
0.348769
0.347915
0.346791
0.345956
0.344919
0.34447
0.344091
0.343438
0.342424
0.341133
0.340141
0.33911
0.337682
0.336763
0.335263
0.33367
0.331946
0.32968
0.327219
0.32512
0.322293
0.319059
0.316348
0.313055
0.309751
0.306077
0.303331
0.29896
0.294426
0.289247
0.284986
0.279079
0.273246
0.267431
0.260991
0.256192
0.249722
0.243828
0.237825
0.23217
0.225782
0.221283
0.215895
0.209879
0.204597
0.199503
0.19464
0.189998
0.185099
0.180925
0.177159
0.174128
0.170532
0.167223
0.164066
0.160827
0.157922
0.155407
0.152951
0.150753
0.148619
0.14659
0.144714
0.142992
0.14126
0.139765
0.138389
0.137032
0.135732
0.134498
0.133377
0.132055
0.131064
0.130168
0.129359
0.128597
0.127791
0.127145
0.126404
0.125927
0.125246
0.124723
0.124264
0.123787
0.123351
0.12303
0.122706
0.1224
0.122166
0.122015
0.12185
0.121767
0.121643
0.121548
0.121502
0.121495
0.121504
0.121564
0.121582
0.121649
0.121734
0.121882
0.122049
0.122236
0.122531
0.122775
0.122983
0.123463
0.123874
0.124349
0.12503
0.125673
0.126289
0.127231
0.127989
0.128789
0.129816
0.13065
0.131467
0.132672
0.133519
0.134858
0.13588
0.136943
0.138125
0.139195
0.140552
0.141526
0.142702
0.143713
0.145005
0.146063
0.147077
0.148471
0.149606
0.151139
0.152215
0.153715
0.154916
0.156316
0.157517
0.15909
0.160411
0.161927
0.163341
0.164601
0.166158
0.167266
0.168796
0.170185
0.17173
0.173287
0.174451
0.175975
0.177035
0.1786
0.180139
0.181487
0.183031
0.184129
0.185666
0.187237
0.188403
0.189981
0.191434
0.1926
0.193981
0.195524
0.196616
0.198162
0.199709
0.200843
0.202256
0.203619
0.204719
0.205967
0.207201
0.208689
0.209717
0.211078
0.212402
0.213714
0.214701
0.215967
0.217108
0.218501
0.21959
0.220561
0.221843
0.223024
0.224343
0.225276
0.22625
0.227531
0.228623
0.229754
0.230766
0.231671
0.232542
0.233677
0.234578
0.235629
0.236644
0.237583
0.23819
0.239008
0.239807
0.240628
0.241433
0.242298
0.243004
0.243925
0.244585
0.245483
0.246141
0.246923
0.24768
0.248417
0.249178
0.249991
0.250793
0.251348
0.252241
0.252847
0.253491
0.254263
0.254841
0.255614
0.256402
0.25718
0.257762
0.258472
0.259166
0.259796
0.260253
0.261
0.261555
0.262305
0.263021
0.26386
0.264646
0.265318
0.265715
0.266343
0.266836
0.267496
0.268133
0.268678
0.269124
0.269852
0.270327
0.27098
0.271409
0.271867
0.272163
0.272692
0.272978
0.273433
0.273873
0.274422
0.274801
0.275213
0.275537
0.275924
0.276184
0.276739
0.276952
0.277376
0.277801
0.27823
0.278731
0.279083
0.279278
0.279737
0.279857
0.280258
0.280467
0.280723
0.280741
0.281132
0.281404
0.281774
0.281812
0.282197
0.282293
0.282586
0.282552
0.282974
0.283103
0.283476
0.283615
0.283908
0.284017
0.284328
0.284278
0.284656
0.284615
0.284648
0.284493
0.284745
0.284374
0.284407
0.284211
0.284322
0.28395
0.283757
0.283573
0.283428
0.28307
0.282959
0.282619
0.282535
0.282141
0.282015
0.281637
0.281469
0.281455
0.282303
0.281829
0.281721
0.28139
0.281132
0.280636
0.280451
0.280096
0.279817
0.279318
0.279105
0.27853
0.278161
0.277814
0.277459
0.276975
0.276604
0.276067
0.275779
0.275254
0.275012
0.274639
0.274376
0.27379
0.273399
0.27294
0.272567
0.272082
0.271521
0.271001
0.270513
0.269933
0.269575
0.2691
0.268752
0.268175
0.267825
0.267198
0.266877
0.266355
0.265854
0.265391
0.265008
0.264529
0.264212
0.26377
0.263452
0.262845
0.262471
0.261879
0.261549
0.261091
0.260716
0.260324
0.259929
0.259451
0.259336
0.258987
0.258702
0.258376
0.258289
0.258033
0.257854
0.257493
0.257297
0.257273
0.256924
0.256564
0.256386
0.255956
0.255627
0.255267
0.254994
0.254437
0.253903
0.253392
0.252966
0.252388
0.251854
0.251328
0.250703
0.249973
0.249438
0.249001
0.248426
0.24772
0.247074
0.246565
0.246063
0.245428
0.244883
0.244566
0.244147
0.243603
0.243185
0.242871
0.242611
0.242187
0.241925
0.241641
0.241561
0.241586
0.241174
0.241055
0.240828
0.240642
0.240734
0.24067
0.240459
0.240354
0.240157
0.23998
0.239724
0.239517
0.239117
0.2389
0.238607
0.238607
0.238544
0.238368
0.238437
0.23837
0.238323
0.238312
0.238353
0.238273
0.238384
0.238646
0.238729
0.238743
0.239007
0.239132
0.2393
0.239389
0.239579
0.239595
0.23969
0.239543
0.239493
0.239547
0.239352
0.239269
0.239316
0.239334
0.239446
0.239259
0.239285
0.239258
0.239214
0.239246
0.239227
0.239126
0.239192
0.239002
0.239158
0.239085
0.238861
0.238562
0.238456
0.238198
0.237991
0.237346
0.237074
0.236721
0.236185
0.235864
0.23544
0.234857
0.234324
0.233645
0.232785
0.231961
0.230969
0.230043
0.228974
0.227918
0.226977
0.225459
0.224032
0.222415
0.22108
0.218655
0.216886
0.214948
0.213012
0.210855
0.20843
0.205669
0.203156
0.200044
0.197282
0.192487
0.188871
0.185022
0.181432
0.177122
0.173251
0.168671
0.164896
0.158181
0.153244
0.148285
0.142895
0.137773
0.13197
0.126832
0.118737
0.11291
0.107522
0.102096
0.096214
0.091244
0.083725
0.078597
0.073958
0.069552
0.065134
0.05994
0.056184
0.052942
0.049977
0.04714
0.043928
0.041688
0.039826
0.038156
0.036779
0.034871
0.03382
0.032841
0.031908
0.030882
0.030189
0.029628
0.029138
0.028519
0.028139
0.027767
0.027479
0.027104
0.026851
0.026634
0.026432
0.026201
0.026059
0.025907
0.025773
0.025625
0.025526
0.025439
0.025342
0.025284
0.025228
0.025171
0.025145
0.025104
0.02509
0.025087
0.025086
0.025088
0.025115
0.025139
0.025164
0.025228
0.025271
0.025329
0.025414
0.025482
0.025556
0.025662
0.025754
0.025859
0.026002
0.02613
0.026248
0.026404
0.02656
0.02667
0.026886
0.027022
0.027259
0.027416
0.027586
0.027834
0.028035
0.0282
0.028481
0.028691
0.028966
0.029199
0.029389
0.029751
0.029956
0.030314
0.030563
0.030821
0.031176
0.031475
0.03185
0.032109
0.032585
0.032853
0.033102
0.033609
0.033922
0.034358
0.034675
0.035201
0.035533
0.036029
0.036387
0.036719
0.037318
0.037675
0.038238
0.038617
0.039159
0.039539
0.04012
0.040556
0.041104
0.041522
0.042113
0.042553
0.043156
0.043567
0.044204
0.044621
0.045301
0.045737
0.046162
0.046811
0.04753
0.047943
0.048635
0.049099
0.049746
0.050193
0.050865
0.051274
0.051951
0.052401
0.053122
0.053563
0.054253
0.054699
0.055369
0.055753
0.056391
0.056838
0.05749
0.058135
0.058497
0.059164
0.059577
0.060213
0.060558
0.061181
0.061808
0.062203
0.062709
0.063119
0.063708
0.064061
0.064665
0.065265
0.065554
0.066183
0.06647
0.067039
0.067612
0.067889
0.068468
0.068754
0.069289
0.069831
0.070142
0.070689
0.070993
0.071524
0.072042
0.072349
0.072841
0.073412
0.073694
0.074283
0.0746
0.0752
0.07578
0.076154
0.076774
0.077351
0.077775
0.078344
0.079024
0.079354
0.079966
0.080597
0.080993
0.08158
0.082251
0.082578
0.083171
0.083787
0.084208
0.084767
0.085415
0.085776
0.086351
0.086892
0.087234
0.087884
0.088432
0.088752
0.089298
0.089905
0.090452
0.09081
0.091375
0.091921
0.092301
0.092756
0.093393
0.093882
0.094234
0.094699
0.095266
0.095656
0.096164
0.096676
0.097229
0.097557
0.098127
0.098633
0.099176
0.099481
0.09997
0.100433
0.100913
0.101232
0.101706
0.102138
0.102639
0.102897
0.103308
0.103761
0.104254
0.104534
0.10499
0.105479
0.106038
0.106443
0.106746
0.107204
0.107628
0.108049
0.108328
0.108683
0.109104
0.109514
0.109914
0.110143
0.110533
0.110829
0.111158
0.111535
0.111723
0.111997
0.112266
0.112522
0.112886
0.113165
0.113331
0.113591
0.113926
0.11425
0.114547
0.114703
0.11492
0.115268
0.115584
0.115838
0.116121
0.116308
0.116544
0.116907
0.117089
0.11732
0.117574
0.117842
0.117948
0.118225
0.118446
0.11871
0.118897
0.119141
0.119408
0.11961
0.119763
0.119995
0.120228
0.120426
0.120682
0.120947
0.121124
0.121405
0.12165
0.121903
0.122262
0.12257
0.122818
0.123143
0.123416
0.12369
0.124041
0.124294
0.124548
0.124842
0.125074
0.125276
0.125556
0.125783
0.125963
0.126027
0.126145
0.12631
0.126523
0.126634
0.12669
0.126856
0.127023
0.127151
0.127263
0.127327
0.127471
0.127535
0.127648
0.127856
0.127962
0.128147
0.128316
0.128397
0.128471
0.128504
0.128569
0.128521
0.128506
0.128434
0.128427
0.128484
0.128452
0.128452
0.128276
0.12818
0.128075
0.127843
0.127611
0.12738
0.127077
0.126728
0.126483
0.126128
0.12568
0.125367
0.124923
0.124442
0.123887
0.123382
0.122803
0.122167
0.121536
0.120902
0.120161
0.119457
0.118758
0.117986
0.117277
0.116538
0.1158
0.115095
0.114397
0.113718
0.112815
0.112129
0.111323
0.110623
0.109936
0.109285
0.108577
0.1079
0.10713
0.106522
0.105845
0.105124
0.104466
0.103848
0.103218
0.10255
0.101913
0.101299
0.100788
0.100275
0.099728
0.099037
0.098569
0.097994
0.097527
0.097048
0.096566
0.096162
0.095681
0.095129
0.094691
0.094121
0.093586
0.093071
0.092371
0.09181
0.091248
0.090632
0.090188
0.08961
0.089183
0.088667
0.088222
0.087705
0.08729
0.086575
0.0862
0.085703
0.085274
0.084744
0.084375
0.083947
0.083658
0.082949
0.082669
0.082369
0.082044
0.081734
0.081533
0.081204
0.081026
0.080456
0.080351
0.080045
0.079816
0.07955
0.079364
0.079051
0.078818
0.078221
0.07802
0.07769
0.077335
0.077045
0.076792
0.076093
0.075818
0.075436
0.075076
0.074677
0.074274
0.073888
0.0732
0.07284
0.072474
0.072076
0.071744
0.071007
0.070721
0.070311
0.069982
0.069629
0.069314
0.068729
0.068447
0.068136
0.067883
0.067592
0.066998
0.066825
0.066569
0.066213
0.065954
0.065743
0.065151
0.064938
0.064738
0.064426
0.064195
0.063554
0.063357
0.063126
0.062904
0.062313
0.06207
0.061739
0.061399
0.061149
0.060554
0.060276
0.059973
0.059767
0.059111
0.058959
0.058625
0.05828
0.058095
0.057468
0.0572
0.056835
0.056585
0.055997
0.055685
0.055399
0.055145
0.054579
0.054264
0.053955
0.053652
0.053075
0.052766
0.052463
0.052193
0.051652
0.051393
0.051091
0.050847
0.050275
0.050018
0.049683
0.049458
0.048824
0.048554
0.048268
0.04772
0.047432
0.047157
0.046893
0.046389
0.046056
0.045723
0.045174
0.044882
0.044536
0.044232
0.043678
0.043381
0.043045
0.042496
0.04217
0.04186
0.041572
0.040988
0.040713
0.040409
0.039885
0.039591
0.039241
0.038741
0.038443
0.038144
0.037881
0.03735
0.037055
0.036769
0.036283
0.035999
0.03574
0.035241
0.03499
0.034721
0.034199
0.033906
0.033645
0.033188
0.032903
0.032656
0.032205
0.031946
0.031703
0.03122
0.030986
0.030765
0.030321
0.030116
0.02989
0.029487
0.029282
0.029062
0.028681
0.028506
0.028332
0.028003
0.027801
0.027467
0.02727
0.027126
0.026802
0.026671
0.026521
0.026202
0.026058
0.025928
0.025682
0.025571
0.025338
0.025196
0.025076
0.024888
0.024802
0.024751
0.024561
0.024417
0.024098
0.024067
0.023968
0.023704
0.023652
0.023551
0.023419
0.023347
0.023247
0.023209
0.0232
0.023087
0.023082
0.022962
0.022981
