579.2
569
600
568.9
610.1
563.6
563.6
544.7
590.8
651.4
549.2
646.6
676.3
624.7
627.3
660.5
670.9
640.4
632.9
645.3
549.2
689.5
661.8
564.8
610.2
632.3
615
593.6
596.3
547
441.3
391.6
710.2
630
603.3
652.5
728.6
731.5
665.6
633.9
711.9
717.8
750.9
762
753.4
797.5
708.8
808.9
820.8
832
848.6
918.5
857.6
790.5
849.2
853.1
877.7
884.8
863.4
873.8
863.5
893.9
878.3
880.2
887.2
872.7
901.9
873.6
920.4
912.1
905.2
899.4
920
909.8
914.9
949.8
930.1
926.1
970.1
916.5
940.7
929.8
954.3
947.8
917.4
918.5
748.1
843.5
911.8
855.4
968
902.2
867.2
944.5
908.8
973.1
945
922
895.8
896.4
893.8
873.4
873.3
915.5
836.9
922.7
984.6
917.3
883
945.9
923
931.5
965.7
891.3
883.5
891
935.6
699.1
848.6
816.5
890.9
897.6
930.2
874.2
935.7
939.1
887.4
785.5
921.8
968.1
909.6
989.4
942.4
845.3
897.5
928.8
977.1
904
963.7
945.5
917.8
856.3
937.7
912.3
954.9
943
925.1
954
899.4
937.6
928.4
924.9
958.1
927.2
955.7
956.8
936.3
918.6
938.5
893.3
908.6
982.7
906.4
953.3
938.3
954.1
882
944.1
945.5
920.8
928.7
904
952.8
965.9
962.3
941.5
933.9
962.6
941.6
934.5
963.9
950
962.3
972.3
969
959.4
922.2
953.1
930.2
816.5
844.3
906.6
892.5
903.2
911.6
895.1
926.1
930.4
915.3
920.4
928.9
920.2
917.2
926.9
955.9
953.9
947.5
940.2
940.2
931.4
924.2
926.3
922.8
907.5
880.8
920.7
877.4
884.9
930.6
920.9
935.3
947.2
909.6
915.9
908
891.9
896.1
911.6
890.9
922
893.2
926.2
867.5
924.8
900.5
917.8
891.6
915.1
931
920.5
899.4
910.4
896.9
914
903.7
911.7
879.2
865.7
872.3
874.9
837.6
904.5
861.7
900.3
895.8
860.6
747.7
776.8
879.4
888.6
890.9
900
916.4
903.4
893.5
901
902.8
898.4
899
912.5
900.7
897.2
886.8
898.4
900
888.7
902.7
889.4
898.4
891.3
887.1
886.4
887.6
889.1
876.7
885.2
853.4
714
770.7
774
799.8
817
813.5
792.6
786.8
801.5
805.9
851.4
836.2
825.2
812.5
790.7
791.9
800.4
824.8
829.4
827.6
817
836.5
824.9
835.9
830.8
829.2
818.2
833.2
790.4
804.3
669.4
642.1
605.1
624.1
684.3
775.9
729.7
676.1
657.9
675.4
698.8
658.7
668.6
700.7
670.9
729.5
757.4
784.4
771.5
760.7
769.1
794.4
759.9
787.4
781.4
775.8
803.1
809.6
798.3
812.3
815.5
808.5
809.1
797.7
797.7
810.7
799.6
814
809.2
795.3
801.8
802.2
785.6
309.1
204.5
546.6
381.3
482.4
563
604.1
683.4
755.9
765.2
767.4
774.7
774.7
771.7
784.4
751.6
785
780.1
774.3
779.4
769.3
768.9
776.8
764.2
762.6
768.1
754
756.2
739.7
740.6
720.2
729.1
722.6
721.7
724.3
724.1
713.7
719.2
736.4
732.3
711.2
719.9
717.6
705.2
715.3
699.1
729.1
724.3
720.3
700.8
689.8
698.9
672.4
663.6
600.4
601
569.3
575.9
562.1
609.2
572.7
661.3
638.7
472.1
622.2
654.7
634.2
664.2
580.4
637.6
622.6
613.3
608.4
635
620.2
666.8
645.5
672.7
661.5
653.4
674.2
672.7
671
678.7
661.6
678.1
683.4
666.7
680.7
679.5
594.3
666.5
653.9
660.1
540.7
574.9
661.1
674.9
665.4
659.4
661
660.9
657
668.4
668.1
657.2
563.2
574.6
638.3
629
653.8
652.6
653.2
654.6
644.3
635.2
636.6
650
646.2
642
642.3
607.2
637.3
630.4
631.9
639.4
614.9
609
625.6
635.5
628.7
630.7
616.4
589.1
584.9
539.2
528.5
463.6
493.9
405.6
506.1
415.3
459.7
471.2
570.2
558.4
530.2
446
455.5
477.1
431.4
463.8
469.3
439.2
441.4
453.7
414.2
486.7
415
497.8
511.3
517.9
475.5
497.8
474
474
462.7
512.1
395.7
359.4
286.6
275
202.1
169.2
90.4
179
118.5
120.4
142.2
269.3
315.9
248
268.2
200.2
222.7
252.5
145.6
250.5
210.6
316
107.8
310.5
190.1
239.1
286.2
232.9
261
195.6
333.6
269.4
290.4
323.5
315.3
355.1
332.1
355.1
350.5
349.8
457.2
463.4
439.6
490.2
476
419.4
404.3
418.1
395.4
447.2
430.7
436.1
423.9
490.3
473
457.4
504.8
469.3
514.1
504.2
506.1
514.3
499.6
517.8
519.3
508.8
521.1
520.7
517.5
519.2
517.7
515.8
510.4
.5
315.3
355.1
332.1
355.1
350.5
349.8
457.2
463.4
439.6
490.2
476
419.4
404.3
418.1
395.4
447.2
430.7
436.1
423.9
490.3
473
457.4
504.8
469.3
514.1
504.2
506.1
514.3
499.6
517.8
519.3
508.8
521.1
520.7
517.5
519.2
517.7
515.8
510.4.5
315.3
355.1
332.1
355.1
350.5
349.8
457.2
463.4
439.6
490.2
476
419.4
404.3
418.1
395.4
447.2
430.7
436.1
423.9
490.3
473
457.4
504.8
469.3
514.1
504.2
506.1
514.3
499.6
517.8
519.3
508.8
521.1
520.7
517.5
519.2
517.7
515.8
510.4.5
315.3
355.1
332.1
355.1
350.5
349.8
457.2
463.4
439.6
490.2
476
419.4
404.3
418.1
395.4
447.2
430.7
436.1
423.9
490.3
473
457.4
504.8
469.3
514.1
504.2
506.1
514.3
499.6
517.8
519.3
508.8
521.1
520.7
517.5
519.2
517.7
515.8
510.4.5
315.3
355.1
332.1
355.1
350.5
349.8
457.2
463.4
439.6
490.2
476
419.4
404.3
418.1
395.4
447.2
430.7
436.1
423.9
490.3
473
457.4
504.8
469.3
514.1
504.2
506.1
514.3
499.6
517.8
519.3
508.8
521.1
520.7
517.5
519.2
517.7
515.8
510.4.5
315.3
355.1
332.1
355.1
350.5
349.8
457.2
463.4
439.6
490.2
476
419.4
404.3
418.1
395.4
447.2
430.7
436.1
423.9
490.3
473
457.4
504.8
469.3
514.1
504.2
506.1
514.3
499.6
517.8
519.3
508.8
521.1
520.7
517.5
519.2
517.7
515.8
510.4.5
315.3
355.1
332.1
355.1
350.5
349.8
457.2
463.4
439.6
490.2
476
419.4
404.3
418.1
395.4
447.2
430.7
436.1
423.9
490.3
473
457.4
504.8
469.3
514.1
504.2
506.1
514.3
499.6
517.8
519.3
508.8
521.1
520.7
517.5
519.2
517.7
515.8
510.4.5
315.3
355.1
332.1
355.1
350.5
349.8
457.2
463.4
439.6
490.2
476
419.4
404.3
418.1
395.4
447.2
430.7
436.1
423.9
490.3
473
457.4
504.8
469.3
514.1
504.2
506.1
514.3
499.6
517.8
519.3
508.8
521.1
520.7
517.5
519.2
517.7
515.8
510.4.5
315.3
355.1
332.1
355.1
350.5
349.8
457.2
463.4
439.6
490.2
476
419.4
404.3
418.1
395.4
447.2
430.7
436.1
423.9
490.3
473
457.4
504.8
469.3
514.1
504.2
506.1
514.3
499.6
517.8
519.3
508.8
521.1
520.7
517.5
519.2
517.7
515.8
510.4.5
315.3
355.1
332.1
355.1
350.5
349.8
457.2
463.4
439.6
490.2
476
419.4
404.3
418.1
395.4
447.2
430.7
436.1
423.9
490.3
473
457.4
504.8
469.3
514.1
504.2
506.1
514.3
499.6
517.8
519.3
508.8
521.1
520.7
517.5
519.2
517.7
515.8
510.4.5
315.3
355.1
332.1
355.1
350.5
349.8
457.2
463.4
439.6
490.2
476
419.4
404.3
418.1
395.4
447.2
430.7
436.1
423.9
490.3
473
457.4
504.8
469.3
514.1
504.2
506.1
514.3
499.6
517.8
519.3
508.8
521.1
520.7
517.5
519.2
517.7
515.8
510.4.5
315.3
355.1
332.1
355.1
350.5
349.8
457.2
463.4
439.6
490.2
476
419.4
404.3
418.1
395.4
447.2
430.7
436.1
423.9
490.3
473
457.4
504.8
469.3
514.1
504.2
506.1
514.3
499.6
517.8
519.3
508.8
521.1
520.7
517.5
519.2
517.7
515.8
510.4.5
315.3
355.1
332.1
355.1
350.5
349.8
457.2
463.4
439.6
490.2
476
419.4
404.3
418.1
395.4
447.2
430.7
436.1
423.9
490.3
473
457.4
504.8
469.3
514.1
504.2
506.1
514.3
499.6
517.8
519.3
508.8
521.1
520.7
517.5
519.2
517.7
515.8
510.4.5
315.3
355.1
332.1
355.1
350.5
349.8
457.2
463.4
439.6
490.2
476
419.4
404.3
418.1
395.4
447.2
430.7
436.1
423.9
490.3
473
457.4
504.8
469.3
514.1
504.2
506.1
514.3
499.6
517.8
519.3
508.8
521.1
520.7
517.5
519.2
517.7
515.8
510.4.5
315.3
355.1
332.1
355.1
350.5
349.8
457.2
463.4
439.6
490.2
476
419.4
404.3
418.1
395.4
447.2
430.7
436.1
423.9
490.3
473
457.4
504.8
469.3
514.1
504.2
506.1
514.3
499.6
517.8
519.3
508.8
521.1
520.7
517.5
519.2
517.7
515.8
510.4.5
315.3
355.1
332.1
355.1
350.5
349.8
457.2
463.4
439.6
490.2
476
419.4
404.3
418.1
395.4
447.2
430.7
436.1
423.9
490.3
473
457.4
504.8
469.3
514.1
504.2
506.1
514.3
499.6
517.8
519.3
508.8
521.1
520.7
517.5
519.2
517.7
515.8
510.4.5
315.3
355.1
332.1
355.1
350.5
349.8
457.2
463.4
439.6
490.2
476
419.4
404.3
418.1
395.4
447.2
430.7
436.1
423.9
490.3
473
457.4
504.8
469.3
514.1
504.2
506.1
514.3
499.6
517.8
519.3
508.8
521.1
520.7
517.5
519.2
517.7
515.8
510.4.5
315.3
355.1
332.1
355.1
350.5
349.8
457.2
463.4
439.6
490.2
476
419.4
404.3
418.1
395.4
447.2
430.7
436.1
423.9
490.3
473
457.4
504.8
469.3
514.1
504.2
506.1
514.3
499.6
517.8
519.3
508.8
521.1
520.7
517.5
519.2
517.7
515.8
510.4.5
315.3
355.1
332.1
355.1
350.5
349.8
457.2
463.4
439.6
490.2
476
419.4
404.3
418.1
395.4
447.2
430.7
436.1
423.9
490.3
473
457.4
504.8
469.3
514.1
504.2
506.1
514.3
499.6
517.8
519.3
508.8
521.1
520.7
517.5
519.2
517.7
515.8
510.4.5
315.3
355.1
332.1
355.1
350.5
349.8
457.2
463.4
439.6
490.2
476
419.4
404.3
418.1
395.4
447.2
430.7
436.1
423.9
490.3
473
457.4
504.8
469.3
514.1
504.2
506.1
514.3
499.6
517.8
519.3
508.8
521.1
520.7
517.5
519.2
517.7
515.8
510.4.5
315.3
355.1
332.1
355.1
350.5
349.8
457.2
463.4
439.6
490.2
476
419.4
404.3
418.1
395.4
447.2
430.7
436.1
423.9
490.3
473
457.4
504.8
469.3
514.1
504.2
506.1
514.3
499.6
517.8
519.3
508.8
521.1
520.7
517.5
519.2
517.7
515.8
510.4.5
315.3
355.1
332.1
355.1
350.5
349.8
457.2
463.4
439.6
490.2
476
419.4
404.3
418.1
395.4
447.2
430.7
436.1
423.9
490.3
473
457.4
504.8
469.3
514.1
504.2
506.1
514.3
499.6
517.8
519.3
508.8
521.1
520.7
517.5
519.2
517.7
515.8
510.4.5
315.3
355.1
332.1
355.1
350.5
349.8
457.2
463.4
439.6
490.2
476
419.4
404.3
418.1
395.4
447.2
430.7
436.1
423.9
490.3
473
457.4
504.8
469.3
514.1
504.2
506.1
514.3
499.6
517.8
519.3
508.8
521.1
520.7
517.5
519.2
517.7
515.8
510.4.5
315.3
355.1
332.1
355.1
350.5
349.8
457.2
463.4
439.6
490.2
476
419.4
404.3
418.1
395.4
447.2
430.7
436.1
423.9
490.3
473
457.4
504.8
469.3
514.1
504.2
506.1
514.3
499.6
517.8
519.3
508.8
521.1
520.7
517.5
519.2
517.7
515.8
510.4.5
315.3
355.1
332.1
355.1
350.5
349.8
457.2
463.4
439.6
490.2
476
419.4
404.3
418.1
395.4
447.2
430.7
436.1
423.9
490.3
473
457.4
504.8
469.3
514.1
504.2
506.1
514.3
499.6
517.8
519.3
508.8
521.1
520.7
517.5
519.2
517.7
515.8
510.4.5
315.3
355.1
332.1
355.1
350.5
349.8
457.2
463.4
439.6
490.2
476
419.4
404.3
418.1
395.4
447.2
430.7
436.1
423.9
490.3
473
457.4
504.8
469.3
514.1
504.2
506.1
514.3
499.6
517.8
519.3
508.8
521.1
520.7
517.5
519.2
517.7
515.8
510.4.5
315.3
355.1
332.1
355.1
350.5
349.8
457.2
463.4
439.6
490.2
476
419.4
404.3
418.1
395.4
447.2
430.7
436.1
423.9
490.3
473
457.4
504.8
469.3
514.1
504.2
506.1
514.3
499.6
517.8
519.3
508.8
521.1
520.7
517.5
519.2
517.7
515.8
510.4.5
315.3
355.1
332.1
355.1
350.5
349.8
457.2
463.4
439.6
490.2
476
419.4
404.3
418.1
395.4
447.2
430.7
436.1
423.9
490.3
473
457.4
504.8
469.3
514.1
504.2
506.1
514.3
499.6
517.8
519.3
508.8
521.1
520.7
517.5
519.2
517.7
515.8
510.4.5
315.3
355.1
332.1
355.1
350.5
349.8
457.2
463.4
439.6
490.2
476
419.4
404.3
418.1
395.4
447.2
430.7
436.1
423.9
490.3
473
457.4
504.8
469.3
514.1
504.2
506.1
514.3
499.6
517.8
519.3
508.8
521.1
520.7
517.5
519.2
517.7
515.8
510.4.5
315.3
355.1
332.1
355.1
350.5
349.8
457.2
463.4
439.6
490.2
476
419.4
404.3
418.1
395.4
447.2
430.7
436.1
423.9
490.3
473
457.4
504.8
469.3
514.1
504.2
506.1
514.3
499.6
517.8
519.3
508.8
521.1
520.7
517.5
519.2
517.7
515.8
510.4.5
315.3
355.1
332.1
355.1
350.5
349.8
457.2
463.4
439.6
490.2
476
419.4
404.3
418.1
395.4
447.2
430.7
436.1
423.9
490.3
473
457.4
504.8
469.3
514.1
504.2
506.1
514.3
499.6
517.8
519.3
508.8
521.1
520.7
517.5
519.2
517.7
515.8
510.4.5
315.3
355.1
332.1
355.1
350.5
349.8
457.2
463.4
439.6
490.2
476
419.4
404.3
418.1
395.4
447.2
430.7
436.1
423.9
490.3
473
457.4
504.8
469.3
514.1
504.2
506.1
514.3
499.6
517.8
519.3
508.8
521.1
520.7
517.5
519.2
517.7
515.8
510.4.5
315.3
355.1
332.1
355.1
350.5
349.8
457.2
463.4
439.6
490.2
476
419.4
404.3
418.1
395.4
447.2
430.7
436.1
423.9
490.3
473
457.4
504.8
469.3
514.1
504.2
506.1
514.3
499.6
517.8
519.3
508.8
521.1
520.7
517.5
519.2
517.7
515.8
510.4.5
315.3
355.1
332.1
355.1
350.5
349.8
457.2
463.4
439.6
490.2
476
419.4
404.3
418.1
395.4
447.2
430.7
436.1
423.9
490.3
473
457.4
504.8
469.3
514.1
504.2
506.1
514.3
499.6
517.8
519.3
508.8
521.1
520.7
517.5
519.2
517.7
515.8
510.4.5
315.3
355.1
332.1
355.1
350.5
349.8
457.2
463.4
439.6
490.2
476
419.4
404.3
418.1
395.4
447.2
430.7
436.1
423.9
490.3
473
457.4
504.8
469.3
514.1
504.2
506.1
514.3
499.6
517.8
519.3
508.8
521.1
520.7
517.5
519.2
517.7
515.8
510.4.5
315.3
355.1
332.1
355.1
350.5
349.8
457.2
463.4
439.6
490.2
476
419.4
404.3
418.1
395.4
447.2
430.7
436.1
423.9
490.3
473
457.4
504.8
469.3
514.1
504.2
506.1
514.3
499.6
517.8
519.3
508.8
521.1
520.7
517.5
519.2
517.7
515.8
510.4.5
315.3
355.1
332.1
355.1
350.5
349.8
457.2
463.4
439.6
490.2
476
419.4
404.3
418.1
395.4
447.2
430.7
436.1
423.9
490.3
473
457.4
504.8
469.3
514.1
504.2
506.1
514.3
499.6
517.8
519.3
508.8
521.1
520.7
517.5
519.2
517.7
515.8
510.4.5
315.3
355.1
332.1
355.1
350.5
349.8
457.2
463.4
439.6
490.2
476
419.4
404.3
418.1
395.4
447.2
430.7
436.1
423.9
490.3
473
457.4
504.8
469.3
514.1
504.2
506.1
514.3
499.6
517.8
519.3
508.8
521.1
520.7
517.5
519.2
517.7
515.8
510.4.5
315.3
355.1
332.1
355.1
350.5
349.8
457.2
463.4
439.6
490.2
476
419.4
404.3
418.1
395.4
447.2
430.7
436.1
423.9
490.3
473
457.4
504.8
469.3
514.1
504.2
506.1
514.3
499.6
517.8
519.3
508.8
521.1
520.7
517.5
519.2
517.7
515.8
510.4.5
315.3
355.1
332.1
355.1
350.5
349.8
457.2
463.4
439.6
490.2
476
419.4
404.3
418.1
395.4
447.2
430.7