0.000444
0.000443
0.000445
0.00045
0.000459
0.000477
0.000502
0.000527
0.000553
0.00058
0.000605
0.000623
0.000645
0.000671
0.0007
0.000731
0.000762
0.000791
0.000821
0.000846
0.000865
0.000874
0.000881
0.000888
0.000903
0.000919
0.000928
0.000927
0.000933
0.000941
0.000934
0.000923
0.000915
0.000912
0.000914
0.000916
0.000918
0.000926
0.000933
0.000945
0.000964
0.001004
0.001056
0.001104
0.001166
0.001241
0.00132
0.001403
0.001514
0.001646
0.0018
0.001977
0.002178
0.002387
0.0026
0.002816
0.003036
0.003265
0.003487
0.003697
0.0039
0.0041
0.004274
0.004441
0.004616
0.0048
0.004968
0.005128
0.005278
0.005422
0.005556
0.005667
0.00577
0.005866
0.005956
0.006036
0.006115
0.006222
0.006326
0.006431
0.00655
0.006711
0.006907
0.007122
0.007389
0.0077
0.008062
0.008482
0.008967
0.009531
0.010143
0.01082
0.01157
0.0124
0.013301
0.014286
0.015366
0.016546
0.01783
0.019217
0.020727
0.022354
0.024096
0.025966
0.027972
0.030115
0.03241
0.03485
0.037439
0.040177
0.043075
0.046144
0.049392
0.052792
0.056364
0.060055
0.063885
0.067809
0.071831
0.075908
0.080045
0.08421
0.088383
0.092507
0.096567
0.100533
0.10438
0.108086
0.111626
0.115013
0.11824
0.121294
0.124171
0.126887
0.129412
0.13177
0.133968
0.136044
0.137981
0.139812
0.141508
0.143128
0.144686
0.146174
0.147644
0.149071
0.150497
0.151857
0.153176
0.154396
0.15554
0.156551
0.157382
0.15804
0.158472
0.158695
0.158667
0.158406
0.157884
0.157117
0.156124
0.154937
0.153605
0.152126
0.150483
0.148677
0.146743
0.144658
0.142434
0.140123
0.137765
0.135372
0.13299
0.130627
0.128376
0.126206
0.124156
0.122209
0.120359
0.118635
0.117009
0.115456
0.113982
0.112579
0.111267
0.110027
0.108868
0.107792
0.106776
0.105853
0.105012
0.10423
0.103522
0.102885
0.102313
0.101804
0.101319
0.100834
0.100344
0.099862
0.099331
0.098732
0.098072
0.097324
0.096491
0.095561
0.094517
0.093378
0.092139
0.090843
0.089493
0.088134
0.086753
0.085312
0.083899
0.082517
0.081179
0.079884
0.078689
0.0776
0.07664
0.075765
0.075017
0.074375
0.073828
0.073384
0.07302
0.072738
0.072515
0.072303
0.072076
0.071794
0.071432
0.070904
0.070238
0.069363
0.068297
0.066986
0.065518
0.06385
0.062065
0.060157
0.058175
0.056127
0.054096
0.052074
0.050135
0.048307
0.046609
0.045116
0.043774
0.042604
0.041528
0.040488
0.039432
0.038272
0.037026
0.035577
0.034018
0.032261
0.030428
0.028428
0.02644
0.024463
0.022558
0.020735
0.01904
0.017591
0.016292
0.01521
0.014254
0.013508
0.012885
0.012407
0.012013
0.011766
0.011584
0.011607
0.011714
0.012159
0.012783
0.01403
0.015577
0.017906
0.02074
0.024559
0.029048
0.034455
0.040695
0.047974
0.056153
0.065215
0.075127
0.085912
0.097363
0.109258
0.121653
0.134287
0.147128
0.159908
0.172644
0.18513
0.197317
0.209095
0.220477
0.231398
0.241908
0.251999
0.261768
0.271175
0.280279
0.289105
0.297633
0.305956
0.314028
0.321882
0.329535
0.336911
0.344088
0.351013
0.357749
0.364249
0.370529
0.376574
0.382374
0.38793
0.393254
0.398312
0.4031
0.407694
0.412041
0.416136
0.420037
0.423683
0.427123
0.430322
0.433337
0.436136
0.43871
0.441157
0.443407
0.445467
0.447346
0.4491
0.450679
0.452151
0.453457
0.454626
0.455714
0.456666
0.457496
0.45837
0.459201
0.460069
0.460891
0.461749
0.462555
0.463352
0.464178
0.464949
0.465705
0.466444
0.467164
0.467864
0.468542
0.469195
0.469823
0.470424
0.470953
0.471491
0.471996
0.472424
0.472856
0.473209
0.473563
0.473833
0.474059
0.474237
0.47441
0.474492
0.474523
0.474526
0.47453
0.474532
0.474535
0.474541
0.47455
0.474518
0.474521
0.474483
0.474493
0.474498
0.474507
0.474472
0.474476
0.474482
0.474487
0.47445
0.474454
0.474419
0.474429
0.474429
0.474389
0.474394
0.474357
0.474358
0.474357
0.474359
0.474365
0.474361
0.474362
0.474362
0.474359
0.474356
0.474352
0.474349
0.474345
0.474337
0.47433
0.474328
0.474323
0.474306
0.474291
0.474283
0.474271
0.474243
0.474202
0.474185
0.47412
0.474067
0.474038
0.474015
0.47397
0.47393
0.473914
0.473903
0.47388
0.473868
0.473862
0.473846
0.473835
0.473829
0.473821
0.47381
0.473806
0.473801
0.47379
0.473787
0.473822
0.473807
0.473808
0.473802
0.473793
0.473788
0.473786
0.473779
0.473764
0.473762
0.4738
0.473786
0.47378
0.473776
0.473766
0.473801
0.473794
0.47378
0.473765
0.473756
0.473752
0.47375
0.473739
0.473717
0.473708
0.473742
0.473724
0.473711
0.473699
0.473723
0.473713
0.47374
0.473714
0.473701
0.47369
0.47371
0.473693
0.473682
0.473674
0.473659
0.473675
0.473663
0.473651
0.473626
0.473652
0.473644
0.473679
0.473663
0.473638
0.473627
0.473656
0.473631
0.473619
0.473605
0.473618
0.473598
0.473629
0.473622
0.473603
0.473567
0.473584
0.473571
0.473558
0.47353
0.473525
0.47349
0.473511
0.473493
0.473448
0.473368
0.473353
0.473321
0.473289
0.473214
0.473129
0.473042
0.47302
0.472938
0.472856
0.472833
0.472705
0.472526
0.472385
0.472332
0.472207
0.472121
0.472023
0.471916
0.471667
0.471498
0.471354
0.471277
0.471045
0.470654
0.470461
0.47031
0.470135
0.469866
0.4696
0.469422
0.469224
0.468841
0.468106
0.467635
0.467356
0.46692
0.466475
0.466044
0.465661
0.46534
0.465035
0.464843
0.464549
0.46419
0.463999
0.463984
0.463906
0.463849
0.463808
0.463748
0.463749
0.463715
0.463719
0.463725
0.463691
0.463692
0.463637
0.463665
0.463715
0.463723
0.463784
0.463826
0.463921
0.464008
0.464098
0.464156
0.464267
0.464383
0.464512
0.464606
0.464746
0.464835
0.464977
0.465151
0.46532
0.465417
0.465551
0.465715
0.465891
0.466066
0.466189
0.466355
0.466527
0.466715
0.4669
0.467026
0.467193
0.467372
0.467563
0.467761
0.467922
0.468121
0.468322
0.468524
0.468723
0.468906
0.469087
0.469272
0.469453
0.469629
0.469774
0.469987
0.470203
0.470405
0.470599
0.470797
0.470994
0.471175
0.471354
0.471543
0.471703
0.471912
0.472096
0.47223
0.472342
0.47247
0.472642
0.472826
0.472995
0.47315
0.473313
0.473474
0.473621
0.473764
0.473914
0.474053
0.474168
0.474273
0.474391
0.474536
0.474721
0.474839
0.474944
0.475054
0.475167
0.475282
0.47539
0.475478
0.475556
0.475626
0.475701
0.475785
0.475881
0.475973
0.476043
0.476142
0.476196
0.476252
0.476314
0.476379
0.476481
0.476529
0.476575
0.476621
0.476669
0.476715
0.47675
0.476777
0.476788
0.476807
0.476885
0.476925
0.476958
0.476966
0.476958
0.476983
0.47697
0.476973
0.476981
0.476987
0.477023
0.477002
0.47697
0.476941
0.476936
0.47698
0.476973
0.476944
0.476886
0.476804
0.476779
0.476758
0.476759
0.476741
0.476683
0.476669
0.476643
0.476634
0.476603
0.476529
0.476502
0.476466
0.476449
0.476408
0.476327
0.476311
0.476331
0.476385
0.4764
0.476327
0.476274
0.47621
0.476156
0.476067
0.475921
0.475783
0.475705
0.475628
0.475461
0.475158
0.474875
0.474639
0.474402
0.474041
0.473466
0.472815
0.472225
0.471697
0.471199
0.470676
0.47007
0.469166
0.467985
0.466841
0.466019
0.465362
0.464463
0.463185
0.461904
0.460999
0.460373
0.459828
0.459196
0.45848
0.457721
0.457034
0.456425
0.456012
0.455768
0.455596
0.455401
0.455207
0.455012
0.454794
0.454624
0.45462
0.454618
0.45464
0.454615
0.454589
0.454587
0.454609
0.454632
0.454534
0.454342
0.454173
0.454171
0.454265
0.454383
0.454406
0.45438
0.454355
0.45433
0.454329
0.454304
0.454301
0.454252
0.454203
0.454202
0.454201
0.4542
0.454175
0.454174
0.454149
0.454148
0.454124
0.454123
0.454098
0.454097
0.45412
0.454167
0.454308
0.454521
0.45471
0.454719
0.454671
0.454655
0.454735
0.454896
0.455047
0.455113
0.455131
0.455173
0.455296
0.455419
0.455532
0.455536
0.455526
0.455601
0.455757
0.456007
0.456187
0.456225
0.456215
0.456228
0.456275
0.456369
0.456464
0.456463
0.456462
0.456462
0.456509
0.456589
0.456683
0.45674
0.456843
0.456924
0.457004
0.457084
0.457117
0.457102
0.457064
0.457073
0.457091
0.457148
0.457252
0.457294
0.457375
0.457393
0.45745
0.457469
0.457502
0.457544
0.457624
0.457667
0.457771
0.457766
0.457728
0.457675
0.457637
0.457623
0.457618
0.457675
0.457756
0.457812
0.457798
0.457784
0.457746
0.457732
0.457718
0.457752
0.457752
0.457691
0.457597
0.457479
0.457314
0.45715
0.457009
0.456916
0.456846
0.456791
0.456688
0.456539
0.456343
0.456147
0.455953
0.455748
0.455554
0.45542
0.455309
0.45519
0.455033
0.454867
0.454655
0.454443
0.454223
0.453966
0.4537
0.453388
0.453068
0.45278
0.45253
0.452417
0.451961
0.451776
0.451514
0.451156
0.450849
0.450297
0.449928
0.449474
0.449053
0.448682
0.448293
0.447794
0.447143
0.44657
0.445937
0.445381
0.444804
0.444186
0.443507
0.442558
0.441828
0.441013
0.440275
0.439639
0.439208
0.438447
0.43731
0.436159
0.435093
0.434422
0.433791
0.433053
0.43212
0.430796
0.429454
0.428268
0.42713
0.426157
0.425396
0.424772
0.423963
0.422948
0.422026
0.420781
0.419278
0.417709
0.416328
0.41513
0.414303
0.413136
0.412236
0.41106
0.410055
0.408971
0.40813
0.407
0.406178
0.40514
0.404734
0.404402
0.403776
0.402761
0.401447
0.400454
0.399418
0.397956
0.39704
0.395497
0.393852
0.392065
0.389691
0.387102
0.384979
0.38199
0.378555
0.375684
0.372177
0.368653
0.36472
0.361795
0.35709
0.352197
0.346586
0.341972
0.335534
0.329159
0.322787
0.315768
0.310489
0.303325
0.296781
0.290092
0.283771
0.276595
0.27154
0.265453
0.258621
0.252602
0.246776
0.241193
0.235842
0.230169
0.225377
0.220991
0.217458
0.21324
0.209349
0.20568
0.201841
0.19839
0.1954
0.192471
0.189897
0.187342
0.184907
0.182654
0.180583
0.178544
0.176743
0.175085
0.173446
0.171874
0.170432
0.169076
0.167467
0.166269
0.165189
0.164266
0.163351
0.162379
0.161608
0.160765
0.160206
0.159435
0.158818
0.15828
0.157719
0.157256
0.156893
0.156526
0.156181
0.155976
0.15583
0.155713
0.155655
0.155542
0.155468
0.155505
0.155543
0.155602
0.155727
0.155845
0.155979
0.156184
0.156422
0.156733
0.157021
0.157497
0.157859
0.158222
0.158888
0.159512
0.16017
0.161142
0.162014
0.1629
0.164155
0.165221
0.166291
0.167699
0.16881
0.169948
0.171528
0.172702
0.174448
0.17584
0.177233
0.178824
0.180221
0.182029
0.183354
0.18488
0.186248
0.187915
0.18934
0.190709
0.192496
0.194013
0.195967
0.197407
0.199371
0.200908
0.202744
0.204277
0.206322
0.208055
0.209968
0.211811
0.213407
0.21542
0.216886
0.218805
0.220609
0.222541
0.224545
0.226071
0.227972
0.229371
0.231318
0.233291
0.235032
0.237008
0.238388
0.240352
0.242357
0.243874
0.245822
0.24768
0.249133
0.250903
0.252803
0.254227
0.256127
0.25809
0.259497
0.261299
0.262976
0.264406
0.265945
0.267532
0.269418
0.270694
0.272428
0.274053
0.275728
0.277021
0.278641
0.280047
0.281814
0.283225
0.284499
0.286066
0.287584
0.289195
0.290421
0.291696
0.293261
0.294673
0.29606
0.297378
0.298571
0.299726
0.301117
0.302305
0.303668
0.304989
0.306151
0.306999
0.308019
0.30909
0.310186
0.311192
0.312339
0.313228
0.314441
0.31535
0.316463
0.31737
0.318348
0.319371
0.32037
0.321397
0.322411
0.323485
0.324275
0.325454
0.326228
0.327122
0.328088
0.328905
0.329946
0.330931
0.331979
0.332725
0.333695
0.334646
0.335448
0.336127
0.337064
0.337856
0.338872
0.339773
0.340893
0.341874
0.342802
0.343413
0.344213
0.344936
0.345772
0.34666
0.347443
0.348034
0.349026
0.34965
0.350558
0.351208
0.351813
0.352311
0.352997
0.353484
0.354165
0.354749
0.355539
0.356054
0.356687
0.357218
0.357742
0.3582
0.358918
0.359322
0.35997
0.360538
0.361192
0.361847
0.362413
0.362799
0.363407
0.363706
0.364248
0.36465
0.365107
0.365208
0.36582
0.366214
0.366802
0.367009
0.367533
0.367807
0.368226
0.36835
0.368917
0.369229
0.369741
0.370065
0.370484
0.370774
0.371215
0.371322
0.371839
0.371958
0.372161
0.372066
0.37252
0.372176
0.37238
0.372237
0.372532
0.372185
0.372129
0.371999
0.371998
0.371668
0.371705
0.371396
0.371466
0.371176
0.371114
0.370842
0.370731
0.370882
0.371947
0.371565
0.371523
0.371307
0.371092
0.370601
0.370553
0.370225
0.370068
0.369572
0.369408
0.368908
0.368563
0.368326
0.367997
0.367518
0.367252
0.36671
0.366542
0.366014
0.365815
0.365548
0.365325
0.364807
0.364434
0.363982
0.363712
0.363229
0.36274
0.362215
0.361727
0.36113
0.360877
0.360404
0.360079
0.359486
0.359241
0.358588
0.358378
0.357847
0.357341
0.35688
0.356595
0.356114
0.355824
0.355386
0.355094
0.354545
0.354186
0.35357
0.353263
0.352888
0.352528
0.352231
0.351846
0.351363
0.35131
0.350979
0.350725
0.350421
0.3504
0.35018
0.350134
0.349787
0.349638
0.349693
0.34936
0.349016
0.348888
0.34846
0.34815
0.347806
0.347647
0.347067
0.346514
0.345988
0.345562
0.344955
0.344401
0.343856
0.343192
0.342402
0.341845
0.341404
0.340798
0.340035
0.339343
0.338815
0.338296
0.337615
0.337043
0.336744
0.336323
0.33575
0.335329
0.335033
0.334802
0.334373
0.334138
0.333878
0.333863
0.333975
0.33356
0.333498
0.333305
0.333163
0.333355
0.33336
0.333186
0.333141
0.332985
0.332852
0.332543
0.332375
0.331972
0.331791
0.331519
0.331519
0.331524
0.331393
0.331558
0.331558
0.331582
0.331651
0.331783
0.331767
0.331984
0.332301
0.332483
0.332583
0.332984
0.333218
0.333421
0.333611
0.333923
0.334026
0.334223
0.334045
0.334067
0.334214
0.33406
0.334042
0.334098
0.334203
0.334421
0.334277
0.334391
0.334358
0.334387
0.334508
0.334568
0.334528
0.334609
0.33446
0.334733
0.334726
0.334538
0.334173
0.334127
0.333896
0.333727
0.333025
0.332694
0.332346
0.331775
0.331466
0.331033
0.33032
0.329753
0.329005
0.328036
0.32711
0.325896
0.324842
0.323613
0.322397
0.321241
0.319455
0.317697
0.315784
0.314216
0.311296
0.309102
0.306777
0.304447
0.301837
0.298808
0.295429
0.292275
0.288435
0.285024
0.279021
0.274418
0.269571
0.265036
0.259548
0.254531
0.248635
0.243689
0.2349
0.228401
0.221822
0.214542
0.207629
0.199709
0.192633
0.181239
0.172974
0.16518
0.157279
0.148577
0.141114
0.129517
0.121481
0.114071
0.106897
0.099507
0.090637
0.084021
0.078219
0.072791
0.067473
0.061241
0.056811
0.053045
0.049594
0.046659
0.042526
0.040174
0.037975
0.03584
0.033406
0.031762
0.030383
0.029195
0.02766
0.026683
0.025751
0.024992
0.02403
0.023384
0.022794
0.022277
0.021638
0.021279
0.020888
0.020547
0.020127
0.019881
0.019668
0.019424
0.019257
0.01913
0.018967
0.018926
0.018843
0.018839
0.018829
0.018864
0.018904
0.01902
0.019089
0.019199
0.019384
0.019543
0.019746
0.020026
0.02022
0.020469
0.020803
0.021101
0.021396
0.021832
0.022186
0.02255
0.023012
0.02344
0.023775
0.024359
0.024758
0.025425
0.025842
0.026324
0.026974
0.027532
0.027992
0.02875
0.029284
0.030015
0.030636
0.031146
0.032043
0.032582
0.033459
0.034099
0.034755
0.035643
0.036355
0.037276
0.037918
0.039064
0.039685
0.040292
0.041453
0.0422
0.043218
0.043965
0.045136
0.045906
0.047032
0.04785
0.048608
0.0499
0.050703
0.051939
0.052779
0.053957
0.054752
0.056
0.056938
0.058103
0.058997
0.060201
0.061129
0.062382
0.063243
0.064551
0.065378
0.066757
0.067652
0.068522
0.069824
0.071215
0.072049
0.073417
0.074341
0.075611
0.076497
0.077803
0.07861
0.079918
0.080796
0.082133
0.082989
0.0843
0.085158
0.086424
0.087123
0.088322
0.089172
0.090391
0.091592
0.092283
0.093517
0.094295
0.095467
0.096121
0.097266
0.098413
0.09915
0.10008
0.100841
0.101913
0.10257
0.103664
0.104747
0.105292
0.10642
0.106959
0.107981
0.109008
0.109527
0.110562
0.111094
0.11205
0.113016
0.113589
0.11456
0.11512
0.116062
0.116978
0.117542
0.118462
0.119464
0.119984
0.121013
0.121588
0.122634
0.123642
0.12431
0.125384
0.126383
0.12718
0.128164
0.129329
0.129919
0.130967
0.132045
0.132741
0.133745
0.134884
0.135464
0.136525
0.13757
0.138301
0.139251
0.140342
0.141026
0.141999
0.142916
0.143516
0.144604
0.145583
0.146146
0.147065
0.148081
0.149001
0.149675
0.150622
0.151537
0.152189
0.152961
0.154071
0.154893
0.155499
0.156283
0.157225
0.15789
0.158738
0.159591
0.160507
0.161074
0.162072
0.162914
0.163811
0.164341
0.165154
0.165985
0.166783
0.167333
0.16812
0.168842
0.169731
0.170187
0.170875
0.17163
0.172442
0.172992
0.173748
0.174555
0.175467
0.176145
0.176727
0.177485
0.178191
0.178891
0.179376
0.180038
0.180737
0.18142
0.182087
0.182496
0.18321
0.183719
0.184279
0.18491
0.185257
0.185797
0.186265
0.186715
0.187326
0.187809
0.188186
0.188641
0.189209
0.189759
0.19027
0.190632
0.191023
0.19161
0.192148
0.192594
0.193148
0.193493
0.193912
0.19452
0.194858
0.195335
0.19578
0.196247
0.196471
0.196951
0.197413
0.197874
0.198219
0.19865
0.199114
0.199549
0.199843
0.200257
0.200671
0.2011
0.201549
0.202078
0.202409
0.202895
0.203328
0.20384
0.204441
0.204967
0.205404
0.205955
0.206429
0.206904
0.207494
0.207938
0.208383
0.208956
0.209369
0.209738
0.210222
0.210627
0.211033
0.211196
0.211441
0.211755
0.21214
0.212445
0.212598
0.212914
0.213231
0.21349
0.213797
0.213962
0.214245
0.214411
0.21472
0.215099
0.215396
0.215741
0.216063
0.216254
0.216506
0.216626
0.216793
0.216794
0.216842
0.216879
0.216939
0.217095
0.21712
0.217192
0.217074
0.217002
0.216919
0.216645
0.216372
0.216172
0.215793
0.215344
0.215049
0.214591
0.214065
0.213668
0.213074
0.212425
0.211663
0.211044
0.210243
0.209355
0.208473
0.207584
0.206603
0.205603
0.20461
0.203503
0.202492
0.2015
0.200438
0.199425
0.19842
0.197442
0.196116
0.195123
0.193941
0.192922
0.191919
0.191039
0.19
0.189008
0.187865
0.186976
0.185976
0.184906
0.18393
0.183019
0.182084
0.181152
0.180202
0.179287
0.178534
0.177777
0.177029
0.175981
0.175292
0.174427
0.173737
0.173024
0.172306
0.171715
0.170995
0.170158
0.169508
0.168637
0.167824
0.167041
0.165952
0.165153
0.164287
0.163328
0.162654
0.161756
0.161106
0.160307
0.159625
0.15882
0.158186
0.157045
0.156474
0.155697
0.155032
0.154195
0.15369
0.153022
0.15259
0.151441
0.151023
0.150569
0.150073
0.1496
0.149314
0.148808
0.14856
0.147637
0.147514
0.147045
0.146707
0.146306
0.146042
0.145557
0.14521
0.144229
0.143878
0.143361
0.142797
0.142347
0.141961
0.140733
0.140305
0.139689
0.13911
0.138461
0.137748
0.137119
0.13595
0.135364
0.134709
0.134053
0.133456
0.132186
0.131727
0.130987
0.130446
0.129807
0.129291
0.128282
0.127821
0.127309
0.126901
0.126422
0.125387
0.125123
0.124651
0.124048
0.123624
0.123288
0.122244
0.121902
0.121584
0.121056
0.120678
0.119532
0.119216
0.118834
0.11847
0.117409
0.117002
0.116428
0.115835
0.115413
0.114332
0.113853
0.113273
0.11293
0.111721
0.111482
0.110889
0.11022
0.109913
0.108748
0.108277
0.107615
0.107127
0.106025
0.105462
0.10495
0.104498
0.103378
0.102803
0.102236
0.101682
0.100529
0.099959
0.099348
0.098853
0.097811
0.097286
0.09672
0.096224
0.095106
0.094627
0.093941
0.093527
0.092219
0.091707
0.091162
0.090021
0.089467
0.088891
0.088385
0.087372
0.086668
0.086008
0.084842
0.084265
0.083572
0.082917
0.081769
0.081127
0.080445
0.079249
0.078581
0.077903
0.077312
0.076022
0.075457
0.07478
0.073653
0.072993
0.07225
0.071119
0.070485
0.069803
0.069245
0.068026
0.067388
0.066725
0.065637
0.064974
0.064409
0.063233
0.062682
0.062041
0.060838
0.060134
0.059506
0.058398
0.057745
0.057143
0.056036
0.055394
0.054833
0.053631
0.053083
0.052529
0.051406
0.050884
0.050348
0.049314
0.048785
0.048215
0.047223
0.046805
0.046349
0.045481
0.044944
0.044054
0.043526
0.043139
0.042263
0.041908
0.0415
0.040625
0.040229
0.039869
0.039188
0.038839
0.038189
0.037751
0.037411
0.036841
0.036557
0.036413
0.035833
0.035381
0.034422
0.034295
0.033969
0.033159
0.032967
0.032632
0.032165
0.031913
0.03154
0.031388
0.031285
0.030871
0.030778
0.030345
0.030322
