0.02385
0.07142
0.03252
0.037925
0.03106
0.039375
0.02785
0.04302
0.05314
0.0376
0.03215
0.05046
0.023025
0.02832
0.02534
0.041175
0.01745
0.0179
0.039775
0.03936
0.03156
0.02415
0.0299
0.03618
0.02505
0.02148
0.0263
0.01664
0.0292666666666667
0.013725
0.013
0.029225
0.0154333333333333
0.01802
0.02785
0.00962
0.020275
0.008225
0.018175
0.012125
0.01204
0.011525
0.01765
0.01058
0.0165
0.01345
0.01654
0.011025
0.0203
0.01322
0.016775
0.00924
0.015725
0.0138
0.01366
0.01684
0.009
0.0167333333333333
0.01634
0.00928
0.017275
0.01194
0.011125
0.01426
0.01445
0.0148
0.00885
0.0112
0.0084
0.007325
0.0095
0.00952
0.00825
0.01072
0.00952
0.0078
0.007875
0.00786
0.00596
0.00872
0.00626
0.007925
0.00806
0.00738
0.00776
0.0087
0.00654
0.00676
0.00558
0.00666
0.0078
0.00894
0.00696
0.0078
0.0083
0.009625
0.00836
0.009
0.00912
0.01066
0.010125
0.01174
0.01382
0.01486
0.01414
0.0159
0.01626
0.01956
0.01904
0.0209
0.02534
0.02605
0.02858
0.0309
0.03402
0.03578
0.03918
0.041225
0.04362
0.04786
0.04994
0.05482
0.05762
0.06055
0.06216
0.0658
0.06656
0.07244
0.07282
0.07538
0.077125
0.07932
0.08028
0.0816
0.08414
0.08464
0.08674
0.08728
0.089425
0.08898
0.0901
0.0909
0.0897
0.09096
0.09238
0.09162
0.0922
0.09526
0.09472
0.09642
0.0976
0.09936
0.09944
0.10182
0.10236
0.10164
0.102125
0.10248
0.10122
0.10246
0.1022
0.10176
0.1011
0.09984
0.09922
0.09728
0.09524
0.09404
0.09194
0.08955
0.08818
0.08542
0.08506
0.08272
0.0808
0.07994
0.07872
0.07736
0.07588
0.075
0.07316
0.07324
0.07128
0.06998
0.06888
0.06804
0.06772
0.06578
0.0668
0.06572
0.06478
0.06404
0.06408
0.06266
0.06362
0.06294
0.06366
0.06364
0.063
0.0652
0.06412
0.0627
0.0623
0.06204
0.06218
0.06268
0.06034
0.0603
0.05878
0.05848
0.0569
0.0566
0.05492
0.05392
0.05344
0.05172
0.05146
0.05074
0.04954
0.04908
0.04806
0.04936
0.0471666666666667
0.04722
0.0463
0.04614
0.04706
0.04626
0.04646
0.04612
0.04602
0.04674
0.04606
0.04544
0.0458
0.0433
0.04294
0.0407
0.04096
0.039
0.03792
0.03525
0.03522
0.03194
0.03042
0.02916
0.02722
0.02604
0.02556
0.02444
0.02324
0.0212
0.02248
0.0216833333333333
0.02128
0.02076
0.02034
0.01816
0.01832
0.01662
0.01684
0.01406
0.0149166666666667
0.01394
0.01238
0.01248
0.0104
0.01112
0.00996
0.00964
0.00945
0.00868
0.0086
0.00874
0.00888
0.00822
0.00822
0.00776666666666667
0.00804
0.00888
0.01014
0.00916
0.00986
0.0104166666666667
0.0128
0.01374
0.01544
0.01876
0.02194
0.0259166666666667
0.03172
0.03832
0.04478
0.0538
0.06364
0.075
0.08728
0.09846
0.11078
0.12604
0.1384
0.15216
0.16776
0.17986
0.192
0.2064
0.22174
0.2319
0.24444
0.257233333333333
0.26946
0.28088
0.29194
0.30472
0.316466666666667
0.3272
0.33826
0.34892
0.358266666666667
0.3682
0.37962
0.38688
0.4001
0.41036
0.41956
0.4326
0.44085
0.45374
0.46484
0.47564
0.486016666666667
0.49474
0.50094
0.51345
0.51996
0.52962
0.5348
0.54195
0.54624
0.55416
0.555366666666667
0.56242
0.56744
0.56714
0.569133333333333
0.57466
0.57234
0.578
0.5772
0.57714
0.57745
0.5771
0.57524
0.5762
0.5726
0.57238
0.5691
0.56648
0.56946
0.5663
0.56248
0.5603
0.559066666666667
0.55604
0.55138
0.548133333333333
0.54702
0.54198
0.538333333333333
0.53824
0.5319
0.52986
0.52626
0.522883333333333
0.51578
0.51424
0.5097
0.50722
0.502083333333333
0.49902
0.49876
0.495316666666667
0.49816
0.4947
0.49644
0.493
0.494333333333333
0.49598
0.494233333333333
0.49274
0.49646
0.489133333333333
0.4971
0.492183333333333
0.49262
0.494916666666667
0.49228
0.49396
0.490783333333333
0.49282
0.493916666666667
0.49556
0.494733333333333
0.49382
0.492333333333333
0.49244
0.49
0.49122
0.49192
0.4894
0.48884
0.489783333333333
0.48988
0.488916666666667
0.49102
0.491633333333333
0.4932
0.489416666666667
0.4907
0.4891
0.49002
0.49085
0.49214
0.486016666666667
0.48402
0.494583333333333
0.49118
0.487766666666667
0.49004
0.490083333333333
0.491483333333333
0.49046
0.489316666666667
0.48878
0.490383333333333
0.48882
0.489416666666667
0.49088
0.490666666666667
0.48996
0.493033333333333
0.4927
0.48948
0.488966666666667
0.49096
0.4934
0.49206
0.494166666666667
0.492783333333333
0.49148
0.492033333333333
0.49286
0.4969
0.4933
0.49318
0.490316666666667
0.49236
0.489883333333333
0.49575
0.49288
0.490816666666667
0.49864
0.496083333333333
0.491816666666667
0.49372
0.497416666666667
0.493516666666667
0.49324
0.497016666666667
0.492733333333333
0.49044
0.491766666666667
0.49766
0.48835
0.4958
0.49994
0.501266666666667
0.501
0.49476
0.491066666666667
0.496533333333333
0.495466666666667
0.49572
0.495233333333333
0.49825
0.49422
0.49495
0.500783333333333
0.49656
0.502066666666667
0.496783333333333
0.499466666666667
0.4988
0.503383333333333
0.497866666666667
0.5005
0.500583333333333
0.5012
0.496766666666667
0.49982
0.50515
0.498483333333333
0.495316666666667
0.49616
0.497633333333333
0.500716666666667
0.50355
0.49442
0.498466666666667
0.5016
0.501333333333333
0.50305
0.49808
0.50295
0.503283333333333
0.497766666666667
0.50288
0.504116666666667
0.498533333333333
0.502166666666667
0.496833333333333
0.500466666666667
0.49808
0.4976
0.505666666666667
0.502833333333333
0.498383333333333
0.501466666666667
0.49258
0.500266666666667
0.501783333333333
0.503116666666667
0.496433333333333
0.502016666666667
0.50462
0.511483333333333
0.497916666666667
0.500466666666667
0.489416666666667
0.507216666666667
0.488633333333333
0.497833333333333
0.48806
0.4943
0.499583333333333
0.499866666666667
0.5059
0.490533333333333
0.50935
0.48015
0.482416666666667
0.495033333333333
0.493816666666667
0.49504
0.487466666666667
0.489233333333333
0.492716666666667
0.493716666666667
0.50115
0.486866666666667
0.482966666666667
0.490316666666667
0.4738
0.49495
0.491133333333333
0.480516666666667
0.47835
0.4931
0.5013
0.501166666666667
0.486366666666667
0.489733333333333
0.495066666666667
0.490533333333333
0.4863
0.487116666666667
0.477616666666667
0.489916666666667
0.498883333333333
0.482133333333333
0.485266666666667
0.491266666666667
0.478166666666667
0.50535
0.5081
0.461183333333333
0.4757
0.4944
0.484066666666667
0.483383333333333
0.486771428571429
0.504233333333333
0.492783333333333
0.50435
0.48815
0.479516666666667
0.475516666666667
0.4964
0.480166666666667
0.486033333333333
0.504416666666667
